1 10
100 200
201 210
900 1000
456890 565476
353189 604009
546784 674396
3454 4635
545465 590465
328259 675238
734970 817067
646728 968332
540986 650765
217928 483967
226972 866449
57838 806545
727586 226274
65632 597213
956260 495886
245058 652713
682236 190586
949121 370126
773654 7264
544709 67347
178781 194172
910355 504236
827424 736905
991619 485017
823456 370086
982542 567082
26743 958420
1945 583733
679102 204869
225494 670579
10681 497626
578397 34347
262798 156499
310782 214114
208800 111823
123741 417303
175049 266261
336944 475835
840513 549193
200733 358193
242892 152489
422929 511612
688666 241107
968801 732459
986467 8122
574204 11763
861820 193048
112724 994917
33565 345685
984072 947292
335314 200545
307575 769708
17445 376688
316042 971610
739314 564889
986621 959562
934081 631894
192012 206030
428893 367467
329710 332787
200942 924730
841032 577380
575579 195276
199917 671835
524964 823730
578519 358903
521840 269586
576720 247865
869102 672633
803568 905368
159398 912057
703667 787774
410752 764239
929021 185087
497812 572734
259845 109152
327774 377583
288114 966894
216522 891804
951085 473242
423691 719779
276614 675801
413519 68125
443740 84802
208189 91796
64804 590230
87688 875990
576547 170131
517638 597083
26856 894425
624074 590958
317184 58345
710539 673827
290085 663566
42580 970093
620939 635691
799642 143261
165457 594782
684987 473446
982656 102802
27365 526865
444654 382351
665944 181468
357605 456023
293931 681314
715318 916790
595541 939625
209423 409324
81572 973247
523828 982623
759369 885058