15687 214895
287557 354059
830004 291943
265326 63330
979629 218337
172543 73302
484046 975203
925645 817473
935370 373730
977419 949474
707823 516843
594055 769548
678285 608096
869338 743672
1154 992343
781648 688279
384230 929398
281056 268113
830096 837614
225570 986373
184572 467947
631990 32301
837677 586853
235381 104892
645385 783826
842565 127949
895238 810326
166742 120591
200524 790528
439517 362447
451974 403840
572849 990651
616779 15533
53781 993102
140468 646502
206609 396654
730833 830809
483540 545015
633818 476676
186751 808170
403831 773444
244302 561375
662982 514628
909082 768825
154592 787237
989955 497325
95274 699537
552182 192434
404586 560538
451851 509524
611149 7918
960876 822815
843958 8377
966611 144818
590907 37208
931201 932181
451008 481239
258112 32917
3101 408336
841896 30264
434514 337530
92147 315922
153230 897558
457373 356373
183868 58086
928328 981031
430443 804354
705152 126407
926844 617394
205630 746324
754277 92497
535470 195433
360588 608632
749492 576317
851512 182408
180299 431826
293775 32508
925655 358111
823371 781143
360165 288399
449760 290268
862795 603655
502328 29534
497664 200469
427267 383501
885663 576185
425549 848013
355573 365665
725639 222555
889931 410481
643420 292655
867897 328561
914244 76368
765854 183440
480711 8396
226114 134088
519745 655642
966984 6286
389571 987082
449733 238570
526774 632996
918786 668189
136822 11133
467529 486911
132915 57697
773236 233640
647923 5195
694781 736472
648623 780169
233647 794321
826396 195014
819251 770937
392304 617090
448826 73832
474669 198433
154653 445056
4161 24852
246582 718256
149791 767387
753327 309817
486564 385322
260615 67345
619914 269605
61597 470607
806764 670723
305926 902926
723217 545654
475394 59641
151021 874325
143462 542486
336053 636764
11446 359748
264251 345984
890124 618607
611398 997105
867499 900192
598955 427187
171949 720606
816722 808551
244540 504236
693963 178336
839424 280640
463446 975533
702043 653622
708600 643942
353701 560075
698402 558146
165828 552491
85310 906581
934690 142090
607820 703672
611494 187461
594904 822222
984386 796358
451164 453681
80748 931844
804161 856695
710984 572059
384544 167438
312018 77588
474779 968712
845129 485250
95900 409839
57649 133876
131857 128571
536620 782084
819776 8994
393192 674040
535406 902491
52312 975168
30141 724844
153484 130973
381244 768054
225357 778955
525678 263919
102064 986209
608997 674495
883107 226770
35275 458663
130276 631006
782073 657814
124935 293890
114412 218760
440909 559627
416699 973484
255352 478907
902329 59027
418668 579174
328444 912376
478542 102118
739757 567350
780354 961366
996451 859802
808716 315858
971810 774513
86728 715538
201713 846854
756588 358730
462341 107148
153139 319647