1 10
100 200
201 210
900 1000
1 1
2 2
3 3
5 5
10 10
871 871
50 50
999999 999999
1 999999
999999 1
603644 312119
577207 753738
144895 782138
558820 217662
314688 145193
233207 347115
558285 252584
585762 263943
379437 157859
74403 862044
128042 877753
12998 903609
928037 731226
213058 836801
492571 497257
104850 223702
788757 118989
194037 744279
218545 405006
402696 245708
684312 8668
490835 218729
704522 977994
446992 375430
543748 111879
784663 600810
3795 246405
77807 826322
285581 141920
922629 938962
142160 487887
490367 579574
461897 355606
251548 882219
561849 377860
30132 746833
772474 124026
609447 729975
349948 677315
21416 501527
312235 592448
791250 800979
18548 839474
535047 839868
46079 114867
340274 568885
705317 874056
427197 304311
918308 691637
825702 60227
515564 510812
814674 581592
828346 671209
279879 890946
715955 324073
25371 559361
629072 774940
884241 444538
466281 981657
554403 953301
557872 926164
343832 896294
496418 242705
827915 17973
697318 337214
579985 784272
696715 548576
47281 199281
120592 256568
971130 399086
59692 860553
932815 58810
934362 924723
275843 167314
810606 438901
969680 407973
631059 344024
697373 581424
887122 399296
935769 253408
830627 945335
411133 753505
845717 991697
690882 478857
642598 579455
265764 576956
393778 243613
940952 246914
528214 781580
997743 469399
365055 350993
859336 561000
550832 612949
126929 800033
795636 904532
605764 89092
696684 253954
396513 859468
903192 930585
901199 11641
107185 199376
196102 366231
732098 88598
524872 642498
387446 586877
925467 691125
760251 507659
69022 230699
287693 257909
634468 601504
312779 391230
722578 883304
395618 790613
166687 610363
14118 389596
495038 707977
84805 527515
802514 897599
821621 854028
988554 387156
449099 913377
177986 892281
753118 899636
814713 114726
327986 496820
109096 985927
737379 412642
294561 853490
976573 563076
909362 490807
454553 617587
919516 424946
64407 292602
412302 124082
624513 897113
86931 390624

